(2000,154)
(1986,99)
(1975,22)
(1951,12)
(1995,324)
(1982,46)
(1960,15)
(1979,30)
(1997,299)
(1999,271)
(1939,11)
(1920,2)
(1928,3)
(1940,19)
(1973,28)
(1988,58)
(1931,7)
(1953,14)
(1942,13)
(1959,22)
(1991,51)
(1980,40)
(1948,12)
(1900,1)
(1935,6)
(1964,16)
(1944,13)
(1919,2)
(1971,26)
(1955,19)
(1968,21)
(1933,7)
(1977,20)
(1922,2)
(1962,20)
(1957,20)
(1966,12)
(1946,13)
(1937,11)
(1993,156)
(1926,8)
(1984,57)
(1972,22)
(1994,239)
(1936,8)
(1941,11)
(1921,1)
(1985,58)
(8230,1)
(1949,10)
(1945,11)
(1976,20)
(1969,18)
(1974,26)
(1930,7)
(1990,70)
(2010,1)
(1923,3)
(1981,41)
(9000,1)
(1600,1)
(1978,29)
(1983,32)
(1927,6)
(1934,7)
(1989,53)
(1967,24)
(1987,64)
(1950,14)
(1938,6)
(1954,15)
(1965,20)
(1963,24)
(1961,19)
(1992,94)
(1932,7)
(1943,10)
(1952,11)
(1929,3)
(1958,22)
(1998,321)
(1996,321)
(1947,14)
(1925,6)
(1956,17)
(1970,16)
